scripts/localization_batch2.py
  s_f4aadf3ae60236::t_6854f68556c9ee 67
  s_f4aadf3ae60236::t_067a17121c4438 69
  s_f4aadf3ae60236::t_8eea157df3ef5a 1-66,68,70-84,86,89-173,178-276,278-293,298-343
  s_f4aadf3ae60236::t_331792ca6d6c4b 85,87-88
  s_f4aadf3ae60236::t_0258280a589356 277
  s_f4aadf3ae60236::t_ce8e2f027fdb0c 174-177
  s_f4aadf3ae60236::t_14b2acb6db2617 294-297
scripts/generate-localizations.py
  s_f4aadf3ae60236::t_dcfa19000e05a1 14
  s_f4aadf3ae60236::t_fc3184e62ec16e 85-86
  s_f4aadf3ae60236::t_956ec12c588939 164
  s_f4aadf3ae60236::t_e954c8f575a368 110
  s_f4aadf3ae60236::t_cd3ab0f5ee45ba 184-185
  s_f4aadf3ae60236::t_f023509f2e0162 78-79
  s_f4aadf3ae60236::t_b632ac7ad43ef4 67-70
  s_f4aadf3ae60236::t_96fa15661a2232 72
  s_f4aadf3ae60236::t_ef3745c94e4f17 7,11-13,15,21
  s_f4aadf3ae60236::t_af143adc7f1141 19
  s_f4aadf3ae60236::t_9b20172884b497 195
  s_f4aadf3ae60236::t_d5451a14dcb2a3 280
  s_f4aadf3ae60236::t_08d2d05807b8ed 333-334,338,344-346,358,361,369-371
  s_f4aadf3ae60236::t_71f6beef284458 367
  s_f4aadf3ae60236::t_119a8d6eecbda6 20
Info.plist
  s_f4aadf3ae60236::t_4ca56a56958e2c 14-17
  s_f4aadf3ae60236::t_59c976d1095584 11,13
scripts/localization_batch_cjk.py
  s_f4aadf3ae60236::t_aec364549231ce 1-62,64-111,113-123,125-266,268-281
  s_f4aadf3ae60236::t_037849ba421b7b 124
  s_f4aadf3ae60236::t_2391afeff1b3a7 267
  s_f4aadf3ae60236::t_032d9207574a62 63
  s_f4aadf3ae60236::t_79797bb71385b5 112
Resources/Localization/Localizable.xcstrings
  s_f4aadf3ae60236::t_067a4f94d7373f 23-24,27,30,33,36,39,41-42,45,48,51,54,57,62,67,73,79,81-82,85,88,91,94,97,99-100,103,106,109,112,115,120,125,131,137,139-140,143,146,149,152,155,157-158,161,164,167,170,173,178,183,189,195,197-198,201,204,207,210,213,215-216,219,222,225,228,231,236,241,247,253,255-256,259,262,265,268,271,273-274,277,280,283,286,289,294,313-314,317,320,323,326,329,331-332,335,338,341,344,347,352,357,363,369,371-372,375,378,381,384,387,389-390,393,396,399,402,405,410,415,421,427,429-430,433,436,439,442,445,447-448,451,454,457,460,463,468,473,479,485,487-488,491,494,497,500,503,505-506,509,512,515,518,521,526,531,537,543,545-546,549,552,555,558,561,563-564,567,570,573,576,579,584,589,595,601,603-604,607,610,613,616,619,621-622,625,628,631,634,637,642,647,653,659,661-662,665,668,671,674,677,679-680,683,686,689,692,695,700,705,711,717,719-720,723,726,729,732,735,737-738,741,744,747,750,753,758,763,769,775,777-778,781,784,787,790,793,795-796,799,802,805,808,811,816,821,827,833,835-836,839,842,845,848,851,853-854,857,860,863,866,869,874,879,885,891,893-894,897,900,903,906,909,911-912,915,918,921,924,927,932,937,943,949,951-952,955,958,961,964,967,969-970,973,976,979,982,985,990,995,1001,1007,1009-1010,1013,1016,1019,1022,1025,1027-1028,1031,1034,1037,1040,1043,1048,1053,1059,1065,1067-1068,1071,1074,1077,1080,1083,1085-1086,1089,1092,1095,1098,1101,1106,1111,1117,1123,1125-1126,1129,1132,1135,1138,1141,1143-1144,1147,1150,1153,1156,1159,1164,1169,1175,1181,1183-1184,1187,1190,1193,1196,1199,1201-1202,1205,1208,1211,1214,1217,1222,1227,1233,1239,1241-1242,1245,1248,1251,1254,1257,1259-1260,1263,1266,1269,1272,1275,1280,1285,1291,1297,1299-1300,1303,1306,1309,1312,1315,1317-1318,1321,1324,1327,1330,1333,1338,1343,1349,1355,1357-1358,1361,1364,1367,1370,1373,1375-1376,1379,1382,1385,1388,1391,1396,1401,1407,1413,1415-1416,1419,1422,1425,1428,1431,1433-1434,1437,1440,1443,1446,1449,1454,1459,1465,1471,1473-1474,1477,1480,1483,1486,1489,1491-1492,1495,1498,1501,1504,1507,1512,1517,1523,1529,1531-1532,1535,1538,1541,1544,1547,1549-1550,1553,1556,1559,1562,1565,1570,1575,1581,1587,1589-1590,1593,1596,1599,1602,1605,1607-1608,1611,1614,1617,1620,1623,1628,1633,1639,1645,1647-1648,1651,1654,1657,1660,1663,1665-1666,1669,1672,1675,1678,1681,1686,1691,1697,1703,1705-1706,1709,1712,1715,1718,1721,1723-1724,1727,1730,1733,1736,1739,1744,1749,1755,1761,1763-1764,1767,1770,1773,1776,1779,1781-1782,1785,1788,1791,1794,1797,1802,1807,1813,1819,1821-1822,1825,1828,1831,1834,1837,1839-1840,1843,1846,1849,1852,1855,1860,1865,1871,1877,1879-1880,1883,1886,1889,1892,1895,1897-1898,1901,1904,1907,1910,1913,1918,1923,1929,1935,1937-1938,1941,1944,1947,1950,1953,1955-1956,1959,1962,1965,1968,1971,1976,1981,1987,1993,1995-1996,1999,2002,2005,2008,2011,2013-2014,2017,2020,2023,2026,2029,2034,2039,2045,2051,2053-2054,2057,2060,2063,2066,2069,2071-2072,2075,2078,2081,2084,2087,2092,2097,2103,2109,2111-2112,2115,2118,2121,2124,2127,2129-2130,2133,2136,2139,2142,2145,2150,2155,2161,2167,2169-2170,2173,2176,2179,2182,2185,2187-2188,2191,2194,2197,2200,2203,2208,2213,2219,2225,2227-2228,2231,2234,2237,2240,2243,2245-2246,2249,2252,2255,2258,2261,2266,2271,2277,2283,2285-2286,2289,2292,2295,2298,2301,2303-2304,2307,2310,2313,2316,2319,2324,2329,2335,2341,2343-2344,2347,2350,2353,2356,2359,2361-2362,2365,2368,2371,2374,2377,2382,2387,2393,2399,2401-2402,2405,2408,2411,2414,2417,2419-2420,2423,2426,2429,2432,2435,2440,2445,2451,2457,2459-2460,2463,2466,2469,2472,2475,2477-2478,2481,2484,2487,2490,2493,2498,2503,2509,2515,2517-2518,2521,2524,2527,2530,2533,2535-2536,2539,2542,2545,2548,2551,2556,2561,2567,2573,2575-2576,2579,2582,2585,2588,2591,2593-2594,2597,2600,2603,2606,2609,2614,2619,2625,2631,2633-2634,2637,2640,2643,2646,2649,2651-2652,2655,2658,2661,2664,2667,2672,2677,2683,2689,2691-2692,2695,2698,2701,2704,2707,2709-2710,2713,2716,2719,2722,2725,2730,2735,2741,2747,2749-2750,2753,2756,2759,2762,2765,2767-2768,2771,2774,2777,2780,2783,2788,2793,2799,2805,2807-2808,2811,2814,2817,2820-8428,8433-9206,9209,9212,9215,9218,9221,9226,9231,9237,9243,9245-9246,9249,9252,9255,9258,9261,9263-9264,9267,9270,9273,9276,9279,9284,9289,9295,9301,9303-9304,9307,9310,9313,9316,9319,9321-9322,9325,9328,9331,9334,9337,9342,9347,9353,9359,9361-9362,9365,9368,9371,9374,9377,9379-9380,9383,9386,9389,9392,9395,9400,9405,9411,9417,9419-9420,9423,9426,9429,9432,9435,9437-9438,9441,9444,9447,9450,9453,9458,9463,9469,9475,9477-9478,9481,9484,9487,9490,9493,9495-9496,9499,9502,9505,9508,9511,9516,9521,9527,9533,9535-9536,9539,9542,9545,9548,9551,9553-9554,9557,9560,9566,9569,9593-9628,9651-9686
Resources/de.lproj/Localizable.strings
  s_f4aadf3ae60236::t_8c52a7cc41041f 1-167
Resources/es.lproj/Localizable.strings
  s_f4aadf3ae60236::t_0e26b74258f649 1-167
Resources/fr.lproj/Localizable.strings
  s_f4aadf3ae60236::t_f815fc66362d1d 1-167
Resources/ja.lproj/Localizable.strings
  s_f4aadf3ae60236::t_bc322f2829c708 42,108,123
Resources/ko.lproj/Localizable.strings
  s_f4aadf3ae60236::t_52e4a574dd9625 1-167
Resources/pl.lproj/Localizable.strings
  s_f4aadf3ae60236::t_1db492aac42301 1-167
Resources/zh-Hans.lproj/Localizable.strings
  s_f4aadf3ae60236::t_150193d9948372 38,42,63,108,113,118,123-125,135,139-140,166
Resources/zh-Hant.lproj/Localizable.strings
  s_f4aadf3ae60236::t_1c349e8a948fa0 1-167
---
{
  "schema_version": "authorship/3.0.0",
  "git_ai_version": "1.6.5",
  "base_commit_sha": "d3aaacd1e69ea7046d7ee4339bb01e419b2b425b",
  "prompts": {},
  "sessions": {
    "s_f4aadf3ae60236": {
      "agent_id": {
        "tool": "cursor",
        "id": "aaf9239b-0bc1-478c-9af3-5ac7586a7e9a",
        "model": "composer-2.5"
      },
      "human_author": "yipeng-git <63670789+yipeng-git@users.noreply.github.com>"
    }
  }
}